Branches, Wall clock time, User time, System time, Memory (kbytes)
2, 13.08, 16.53, 1.50,
12, 6.95, 11.26, 1.01,
22, 2.09, 4.81, 0.59,
32, 2.28, 4.90, 0.60,
42, 2.29, 5.19, 0.58,
52, 2.57, 5.24, 0.68,
62, 3.44, 5.64, 0.67,
72, 2.61, 5.94, 0.67,
82, 2.91, 6.06, 0.67,
92, 2.74, 6.22, 0.65,
2, 2.24, 4.37, 0.50,
12, 2.31, 4.64, 0.52,
22, 1.83, 4.75, 0.52,
32, 1.95, 4.92, 0.56,
42, 2.25, 5.19, 0.63,
52, 2.59, 5.40, 0.58,
62, 2.30, 5.59, 0.61,
72, 2.48, 5.85, 0.65,
82, 2.69, 6.07, 0.71,
92, 2.71, 6.25, 0.66,
2, 1.68, 4.47, 0.51,
12, 1.74, 4.55, 0.51,
22, 1.91, 4.83, 0.57,
32, 2.59, 5.04, 0.60,
42, 2.00, 4.94, 0.54,
52, 2.37, 5.41, 0.68,
62, 2.59, 5.50, 0.75,
72, 2.63, 5.82, 0.67,
82, 2.69, 6.24, 0.70,
92, 3.49, 6.51, 0.86,
2, 2.35, 4.43, 0.52,
12, 1.82, 4.60, 0.55,
22, 1.84, 4.63, 0.53,
32, 1.95, 5.02, 0.55,
42, 2.06, 5.15, 0.56,
52, 2.12, 5.21, 0.57,
62, 2.33, 5.66, 0.61,
72, 2.47, 5.85, 0.65,
82, 2.66, 6.26, 0.68,
92, 2.86, 6.54, 0.75,
2, 1.65, 4.46, 0.50,
12, 1.70, 4.52, 0.49,
22, 1.84, 4.83, 0.53,
32, 1.95, 5.01, 0.55,
42, 2.07, 5.24, 0.57,
52, 2.14, 5.27, 0.57,
62, 2.31, 5.59, 0.62,
72, 2.61, 5.83, 0.70,
82, 3.58, 6.24, 0.71,
92, 3.11, 6.46, 0.71,
2, 2.29, 4.41, 0.57,
12, 2.07, 4.65, 0.59,
22, 2.99, 4.78, 0.71,
32, 2.51, 5.05, 0.60,
42, 4.07, 5.09, 0.63,
52, 2.40, 5.26, 0.75,
62, 3.09, 5.65, 0.73,
72, 2.54, 5.96, 0.68,
82, 2.66, 6.12, 0.70,
92, 2.93, 6.49, 0.78,
2, 1.75, 4.28, 0.52,
12, 2.03, 4.52, 0.60,
22, 1.83, 4.76, 0.52,
32, 1.99, 5.01, 0.56,
42, 2.15, 5.06, 0.61,
52, 2.20, 5.44, 0.59,
62, 2.32, 5.66, 0.60,
72, 2.41, 5.73, 0.62,
82, 2.62, 6.20, 0.67,
92, 2.70, 6.23, 0.68,
2, 1.57, 4.27, 0.47,
12, 1.76, 4.68, 0.52,
22, 1.83, 4.74, 0.51,
32, 2.00, 4.80, 0.56,
42, 2.04, 5.09, 0.55,
52, 2.19, 5.32, 0.60,
62, 2.68, 5.57, 0.71,
72, 2.64, 5.85, 0.64,
82, 2.77, 6.19, 0.72,
92, 3.28, 6.42, 0.91,
2, 2.01, 4.23, 0.61,
12, 2.01, 4.60, 0.62,
22, 2.65, 4.78, 0.55,
32, 2.04, 4.85, 0.58,
42, 3.04, 5.09, 0.68,
52, 2.20, 5.36, 0.58,
62, 2.36, 5.75, 0.65,
72, 2.67, 5.76, 0.66,
82, 2.79, 6.30, 0.74,
92, 2.90, 6.36, 0.72,
2, 1.64, 4.39, 0.49,
12, 1.72, 4.57, 0.50,
22, 1.94, 4.77, 0.61,
32, 2.17, 4.84, 0.57,
42, 2.03, 5.11, 0.56,
52, 2.16, 5.31, 0.57,
62, 2.44, 5.49, 0.64,
72, 2.49, 5.78, 0.66,
82, 2.91, 6.06, 0.73,
92, 3.30, 6.46, 0.90,
2, 1.84, 4.49, 0.50,
12, 1.80, 4.58, 0.54,
22, 1.90, 4.76, 0.55,
32, 1.89, 4.79, 0.53,
42, 2.34, 5.19, 0.65,
52, 2.19, 5.27, 0.61,
62, 2.34, 5.35, 0.65,
72, 2.74, 5.80, 0.72,
82, 2.64, 6.04, 0.72,
92, 2.87, 6.46, 0.77,
2, 2.11, 4.27, 0.60,
12, 2.46, 4.62, 0.56,
22, 2.40, 4.81, 0.62,
32, 3.08, 4.94, 0.60,
42, 2.31, 5.22, 0.57,
52, 2.95, 5.44, 0.66,
62, 2.36, 5.68, 0.63,
72, 2.94, 6.05, 0.75,
82, 3.65, 6.11, 0.77,
92, 3.03, 6.26, 0.73,
2, 2.57, 4.32, 0.58,
12, 2.85, 4.56, 0.57,
22, 2.92, 4.76, 0.66,
32, 2.10, 5.04, 0.60,
42, 2.30, 4.87, 0.71,
52, 2.80, 5.23, 0.70,
62, 2.44, 5.46, 0.65,
72, 2.96, 5.88, 0.69,
82, 2.69, 5.96, 0.69,
92, 2.89, 6.51, 0.77,
2, 2.44, 4.19, 0.55,
12, 3.33, 4.50, 0.62,
22, 1.99, 4.74, 0.65,
32, 2.04, 4.81, 0.63,
42, 2.29, 5.06, 0.64,
52, 2.28, 5.32, 0.65,
62, 2.33, 5.57, 0.60,
72, 2.46, 5.88, 0.63,
82, 2.80, 6.17, 0.73,
92, 2.80, 6.58, 0.70,
2, 1.61, 4.37, 0.48,
12, 1.85, 4.58, 0.54,
22, 1.83, 4.80, 0.53,
32, 1.95, 4.98, 0.55,
42, 2.07, 5.19, 0.57,
52, 2.24, 5.53, 0.62,
62, 2.42, 5.53, 0.64,
72, 2.50, 5.93, 0.65,
82, 2.58, 5.94, 0.68,
92, 2.69, 6.22, 0.66,
2, 1.66, 4.36, 0.51,
12, 1.75, 4.60, 0.51,
22, 1.88, 4.75, 0.56,
32, 1.95, 4.98, 0.54,
42, 2.07, 5.17, 0.57,
52, 2.21, 5.30, 0.60,
62, 2.37, 5.64, 0.63,
72, 2.56, 5.95, 0.69,
82, 2.61, 6.05, 0.67,
92, 3.19, 6.64, 0.91,
2, 1.62, 4.40, 0.49,
12, 1.84, 4.50, 0.56,
22, 2.62, 4.82, 0.58,
32, 2.60, 5.09, 0.63,
42, 2.29, 4.94, 0.65,
52, 2.46, 5.36, 0.61,
62, 2.36, 5.56, 0.62,
72, 2.81, 5.70, 0.62,
82, 3.68, 6.23, 0.74,
92, 3.64, 6.45, 0.76,
2, 1.78, 4.31, 0.57,
12, 1.97, 4.51, 0.61,
22, 2.03, 4.83, 0.60,
32, 1.94, 4.88, 0.55,
42, 2.03, 5.08, 0.56,
52, 2.21, 5.45, 0.60,
62, 2.30, 5.57, 0.59,
72, 2.44, 5.83, 0.63,
82, 2.58, 5.96, 0.67,
92, 2.86, 6.48, 0.73,
2, 1.66, 4.40, 0.49,
12, 1.77, 4.41, 0.53,
22, 2.01, 4.76, 0.58,
32, 2.22, 4.87, 0.54,
42, 2.11, 5.21, 0.57,
52, 3.13, 5.41, 0.61,
62, 2.47, 5.70, 0.68,
72, 2.97, 5.86, 0.64,
82, 3.11, 5.91, 0.73,
92, 2.87, 6.50, 0.74,
2, 2.43, 4.56, 0.55,
12, 1.90, 4.66, 0.58,
22, 2.10, 5.02, 0.61,
32, 1.96, 4.97, 0.55,
42, 2.13, 5.21, 0.61,
52, 2.14, 5.24, 0.58,
62, 2.35, 5.49, 0.64,
72, 2.53, 5.91, 0.68,
82, 2.73, 6.17, 0.68,
92, 2.80, 6.60, 0.71,
2, 1.66, 4.50, 0.51,
12, 1.69, 4.47, 0.48,
22, 1.82, 4.72, 0.52,
32, 1.97, 5.02, 0.55,
42, 2.05, 5.12, 0.55,
52, 2.30, 5.45, 0.63,
62, 2.52, 5.53, 0.67,
72, 3.46, 5.91, 0.64,
82, 3.23, 6.07, 0.66,
92, 2.95, 6.26, 0.68,
