States, Wall clock time, User time, System time, Memory (kbytes)
2, 9.64, 14.16, 1.33
22, 2.47, 4.75, 0.55
42, 2.14, 4.99, 0.56
62, 2.29, 5.41, 0.64
82, 2.33, 5.65, 0.67
102, 3.62, 6.05, 0.73
122, 3.45, 6.48, 0.94
142, 3.89, 7.06, 1.11
162, 3.98, 7.41, 1.17
182, 5.45, 8.65, 1.13
202, 5.23, 9.04, 1.26
222, 5.09, 9.76, 1.27
242, 4.97, 11.51, 1.17
262, 6.83, 12.50, 1.44
282, 6.76, 14.04, 1.45
302, 6.60, 14.96, 1.44
322, 7.66, 16.21, 1.55
342, 8.07, 17.52, 1.73
362, 11.27, 19.99, 1.76
382, 10.49, 21.33, 1.87
402, 11.25, 23.13, 1.90
422, 11.78, 25.68, 1.89
442, 12.78, 27.91, 2.02
462, 14.10, 30.01, 2.06
482, 13.90, 31.56, 2.21
502, 15.31, 35.25, 2.13
522, 15.86, 37.54, 2.39
542, 17.43, 39.67, 2.75
562, 20.21, 44.16, 2.61
582, 21.62, 48.63, 2.82
602, 25.86, 56.40, 3.15
622, 27.14, 58.94, 3.22
642, 28.59, 64.20, 3.61
662, 29.41, 66.14, 3.28
682, 31.37, 73.88, 3.56
702, 36.88, 81.92, 4.81
722, 35.20, 79.34, 4.43
742, 37.14, 86.15, 4.85
762, 38.03, 91.33, 5.01
782, 39.41, 96.94, 3.89
802, 38.77, 99.71, 3.78
822, 40.49, 101.65, 3.78
842, 46.39, 114.49, 4.12
862, 49.27, 119.35, 4.72
882, 51.53, 127.30, 4.41
2, 4.62, 9.80, 0.79
22, 1.80, 4.82, 0.51
42, 1.84, 4.84, 0.51
62, 1.99, 5.10, 0.57
82, 2.29, 5.79, 0.63
102, 2.36, 5.93, 0.62
122, 2.65, 6.43, 0.71
142, 2.98, 7.30, 0.79
162, 3.24, 7.73, 0.91
182, 3.53, 8.39, 0.92
202, 3.81, 9.01, 1.00
222, 4.20, 9.97, 1.05
242, 4.83, 11.75, 1.12
262, 5.27, 12.84, 1.14
282, 5.70, 13.81, 1.25
302, 6.15, 15.09, 1.24
322, 6.67, 16.18, 1.37
342, 7.27, 17.93, 1.41
362, 7.96, 19.91, 1.43
382, 8.63, 21.59, 1.51
402, 9.30, 23.07, 1.60
422, 10.10, 25.52, 1.63
442, 11.20, 27.56, 1.79
462, 11.81, 29.83, 1.83
482, 12.74, 32.19, 1.93
502, 13.95, 35.47, 1.98
522, 14.74, 37.43, 2.06
542, 15.98, 40.36, 2.25
562, 17.12, 43.83, 2.27
582, 18.87, 47.19, 2.34
602, 19.52, 50.21, 2.45
622, 22.74, 54.28, 2.57
642, 22.71, 58.01, 2.66
662, 24.98, 62.51, 2.76
682, 29.27, 71.00, 3.43
702, 31.09, 76.11, 3.24
722, 32.45, 78.35, 3.28
742, 35.94, 86.45, 3.58
762, 35.99, 89.25, 3.65
782, 46.09, 112.53, 4.75
802, 40.50, 100.98, 3.84
822, 45.06, 107.90, 4.76
842, 46.03, 114.47, 4.20
862, 50.60, 120.89, 4.69
882, 52.02, 127.65, 4.95
2, 5.03, 7.59, 0.69
22, 1.73, 4.71, 0.50
42, 1.88, 4.96, 0.53
62, 2.03, 5.25, 0.55
82, 2.29, 5.77, 0.63
102, 2.35, 5.85, 0.61
122, 2.72, 6.75, 0.73
142, 2.92, 7.08, 0.77
162, 3.30, 7.85, 0.90
182, 3.58, 8.47, 0.94
202, 3.90, 9.24, 1.00
222, 4.21, 9.98, 1.04
242, 4.77, 11.42, 1.11
262, 5.28, 12.82, 1.17
282, 5.65, 13.74, 1.20
302, 6.17, 15.05, 1.28
322, 6.69, 16.40, 1.33
342, 7.28, 17.98, 1.41
362, 7.98, 19.97, 1.42
382, 8.63, 21.50, 1.53
402, 9.34, 23.17, 1.64
422, 10.10, 25.22, 1.72
442, 10.98, 27.83, 1.74
462, 11.89, 30.00, 1.80
482, 12.78, 32.23, 1.93
502, 13.89, 35.37, 2.02
522, 15.00, 38.31, 2.08
542, 15.91, 40.40, 2.18
562, 17.16, 43.83, 2.31
582, 18.64, 47.14, 2.35
602, 20.08, 50.29, 2.51
622, 22.74, 54.35, 2.57
642, 22.74, 58.12, 2.73
662, 29.71, 68.04, 3.14
682, 28.08, 69.92, 3.26
702, 33.31, 76.86, 3.47
722, 31.18, 79.27, 3.35
742, 36.47, 86.10, 3.59
762, 36.86, 89.10, 3.60
782, 38.60, 96.09, 3.85
802, 39.99, 100.12, 3.88
822, 43.74, 107.75, 4.65
842, 46.93, 113.71, 4.19
862, 49.78, 120.37, 4.92
882, 50.33, 127.36, 4.42
2, 7.41, 9.18, 0.78
22, 1.84, 4.78, 0.54
42, 1.87, 4.90, 0.53
62, 2.02, 5.18, 0.56
82, 2.28, 5.84, 0.65
102, 2.40, 5.96, 0.65
122, 2.71, 6.66, 0.74
142, 2.95, 7.22, 0.78
162, 3.30, 7.81, 0.91
182, 3.56, 8.33, 0.99
202, 3.94, 9.20, 1.05
222, 4.26, 10.07, 1.06
242, 4.77, 11.50, 1.11
262, 5.23, 12.75, 1.17
282, 5.75, 14.12, 1.23
302, 6.17, 15.01, 1.33
322, 6.68, 16.26, 1.37
342, 7.27, 17.91, 1.41
362, 8.06, 20.15, 1.47
382, 8.65, 21.66, 1.55
402, 9.36, 23.31, 1.62
422, 10.20, 25.38, 1.74
442, 11.01, 27.78, 1.77
462, 11.89, 29.73, 1.89
482, 12.76, 32.02, 1.93
502, 13.85, 35.11, 2.01
522, 14.98, 38.26, 2.13
542, 15.87, 40.19, 2.18
562, 17.18, 43.79, 2.34
582, 18.58, 47.06, 2.41
602, 19.59, 50.10, 2.51
622, 21.86, 54.92, 2.63
642, 23.93, 58.45, 2.71
662, 24.21, 62.22, 2.83
682, 26.21, 66.76, 3.03
702, 33.25, 76.34, 3.48
722, 31.60, 79.66, 3.34
742, 33.78, 82.37, 3.41
762, 37.16, 92.04, 3.73
782, 39.54, 94.46, 3.84
802, 41.20, 101.83, 3.94
822, 43.06, 105.01, 3.97
842, 46.54, 114.12, 4.15
862, 46.99, 117.25, 4.13
882, 50.91, 128.52, 4.79
2, 8.59, 10.43, 0.86
22, 1.75, 4.65, 0.50
42, 1.86, 4.88, 0.51
62, 2.07, 5.31, 0.57
82, 2.22, 5.65, 0.60
102, 2.43, 5.98, 0.66
122, 2.65, 6.58, 0.70
142, 3.00, 7.30, 0.83
162, 3.26, 7.77, 0.88
182, 3.58, 8.49, 0.94
202, 3.88, 9.15, 1.01
222, 4.19, 9.90, 1.03
242, 4.77, 11.54, 1.09
262, 5.24, 12.82, 1.15
282, 5.71, 13.90, 1.24
302, 6.14, 14.95, 1.27
322, 6.76, 16.34, 1.39
342, 7.34, 18.15, 1.39
362, 7.96, 19.85, 1.44
382, 8.60, 21.61, 1.48
402, 9.31, 23.24, 1.58
422, 10.11, 25.48, 1.64
442, 10.95, 27.68, 1.76
462, 11.90, 30.19, 1.80
482, 12.63, 31.61, 1.94
502, 13.95, 35.02, 2.00
522, 14.83, 37.52, 2.06
542, 15.83, 40.37, 2.26
562, 17.29, 44.32, 2.30
582, 18.56, 47.15, 2.38
602, 21.42, 50.19, 2.48
622, 21.60, 54.42, 2.60
642, 22.47, 58.05, 2.69
662, 27.84, 65.41, 3.07
682, 29.24, 71.36, 3.24
702, 33.51, 76.58, 3.47
722, 32.83, 79.95, 3.42
742, 31.21, 81.14, 3.29
762, 37.93, 91.87, 3.72
782, 36.30, 92.29, 3.59
802, 41.63, 101.27, 4.00
822, 43.05, 107.85, 4.15
842, 44.99, 114.20, 4.12
862, 43.34, 114.96, 3.99
882, 48.11, 122.35, 4.31
2, 7.65, 12.00, 0.93
22, 1.75, 4.64, 0.51
42, 2.00, 5.11, 0.58
62, 2.06, 5.07, 0.60
82, 2.32, 5.84, 0.67
102, 2.49, 6.08, 0.71
122, 3.00, 6.40, 0.78
142, 2.94, 7.00, 0.82
162, 3.27, 7.69, 0.92
182, 3.59, 8.42, 0.98
202, 3.91, 9.16, 1.05
222, 4.33, 9.98, 1.10
242, 4.92, 11.33, 1.23
262, 5.33, 12.68, 1.25
282, 5.80, 13.93, 1.32
302, 6.26, 14.98, 1.36
322, 6.82, 16.48, 1.41
342, 7.38, 17.78, 1.52
362, 8.27, 20.20, 1.56
382, 8.64, 21.48, 1.56
402, 9.45, 22.98, 1.81
422, 10.25, 25.92, 1.73
442, 11.05, 27.88, 1.76
462, 11.89, 29.94, 1.87
482, 12.71, 31.82, 1.96
502, 13.91, 35.04, 2.06
522, 14.97, 38.02, 2.18
542, 15.89, 40.35, 2.20
562, 17.30, 44.13, 2.31
582, 19.17, 47.02, 2.40
602, 21.44, 50.48, 2.46
622, 21.12, 54.47, 2.59
642, 22.64, 58.31, 2.62
662, 23.97, 61.94, 2.79
682, 25.71, 66.39, 3.01
702, 30.73, 76.04, 3.42
722, 31.29, 78.19, 3.46
742, 32.73, 83.47, 3.51
762, 35.11, 90.21, 3.59
782, 36.33, 93.43, 3.71
802, 38.72, 100.33, 3.73
822, 41.30, 105.18, 4.19
842, 42.92, 111.57, 4.01
862, 43.21, 114.87, 3.93
882, 45.78, 121.25, 4.06
2, 4.06, 7.64, 0.72
22, 1.76, 4.58, 0.52
42, 1.86, 4.90, 0.51
62, 2.09, 5.39, 0.57
82, 2.27, 5.77, 0.63
102, 2.42, 6.02, 0.67
122, 2.69, 6.63, 0.72
142, 2.93, 6.97, 0.82
162, 3.26, 7.74, 0.91
182, 3.58, 8.54, 0.95
202, 3.97, 9.40, 1.03
222, 4.25, 9.94, 1.08
242, 4.80, 11.63, 1.12
262, 5.30, 12.88, 1.17
282, 5.80, 14.15, 1.23
302, 6.21, 15.18, 1.29
322, 6.78, 16.41, 1.39
342, 7.35, 18.01, 1.45
362, 8.01, 19.89, 1.48
382, 8.70, 21.79, 1.54
402, 9.30, 23.25, 1.62
422, 10.17, 25.53, 1.68
442, 11.26, 27.71, 2.01
462, 11.85, 29.87, 1.85
482, 12.83, 32.22, 1.95
502, 13.94, 35.42, 2.06
522, 14.93, 38.00, 2.11
542, 15.89, 40.35, 2.19
562, 17.18, 43.85, 2.32
582, 18.41, 47.34, 2.40
602, 19.76, 50.33, 2.57
622, 21.17, 53.97, 2.74
642, 22.60, 58.31, 2.71
662, 24.04, 62.23, 2.77
682, 25.43, 66.18, 2.86
702, 27.27, 70.51, 3.09
722, 34.07, 81.12, 3.54
742, 30.53, 80.17, 3.21
762, 35.36, 87.78, 3.73
782, 39.91, 96.76, 3.91
802, 39.70, 100.94, 3.80
822, 44.70, 108.05, 4.22
842, 44.65, 111.92, 4.13
862, 43.42, 114.83, 3.98
882, 52.06, 129.77, 4.58
2, 5.35, 7.50, 0.70
22, 1.76, 4.71, 0.51
42, 1.94, 5.14, 0.55
62, 2.01, 5.18, 0.55
82, 2.28, 5.76, 0.67
102, 2.48, 6.19, 0.70
122, 2.66, 6.42, 0.72
142, 2.93, 7.20, 0.79
162, 3.25, 7.80, 0.89
182, 3.53, 8.33, 0.95
202, 3.87, 9.00, 1.03
222, 4.42, 9.94, 1.09
242, 4.79, 11.47, 1.14
262, 5.24, 12.84, 1.18
282, 5.90, 14.34, 1.27
302, 6.24, 15.16, 1.33
322, 6.71, 16.43, 1.35
342, 7.31, 17.67, 1.50
362, 8.00, 19.89, 1.52
382, 8.67, 21.42, 1.63
402, 9.38, 23.48, 1.61
422, 10.27, 25.17, 1.82
442, 11.19, 28.22, 1.81
462, 11.82, 29.66, 1.85
482, 12.69, 31.95, 1.90
502, 13.87, 35.13, 2.03
522, 14.92, 38.10, 2.11
542, 15.91, 40.47, 2.19
562, 17.21, 44.10, 2.27
582, 18.44, 47.27, 2.40
602, 19.63, 50.57, 2.48
622, 21.09, 54.51, 2.59
642, 22.63, 58.19, 2.71
662, 24.46, 61.84, 2.82
682, 26.81, 66.42, 2.90
702, 27.41, 70.59, 3.02
722, 28.75, 75.13, 3.12
742, 30.94, 80.44, 3.26
762, 37.19, 92.27, 3.74
782, 39.98, 95.73, 3.95
802, 40.94, 102.56, 3.90
822, 38.75, 102.49, 3.70
842, 43.55, 110.91, 4.03
862, 43.62, 114.93, 4.02
882, 48.93, 125.45, 4.43
2, 8.81, 13.03, 0.95
22, 1.79, 4.57, 0.51
42, 1.86, 4.91, 0.52
62, 2.06, 5.36, 0.58
82, 2.20, 5.58, 0.60
102, 2.38, 5.85, 0.65
122, 2.71, 6.72, 0.73
142, 2.94, 7.23, 0.77
162, 3.24, 7.70, 0.90
182, 3.57, 8.46, 0.94
202, 3.97, 9.41, 1.03
222, 4.23, 9.97, 1.05
242, 4.80, 11.56, 1.14
262, 5.29, 12.86, 1.18
282, 5.74, 14.10, 1.22
302, 6.22, 15.26, 1.29
322, 6.69, 16.45, 1.33
342, 7.30, 17.97, 1.40
362, 8.06, 19.83, 1.54
382, 8.63, 21.52, 1.53
402, 9.24, 23.12, 1.61
422, 10.11, 25.31, 1.67
442, 11.06, 27.92, 1.77
462, 11.94, 30.29, 1.87
482, 12.64, 31.75, 1.93
502, 14.22, 35.02, 2.22
522, 15.42, 37.97, 2.26
542, 15.95, 40.45, 2.15
562, 17.64, 43.59, 2.42
582, 19.14, 47.38, 2.41
602, 19.64, 50.17, 2.49
622, 22.73, 54.72, 2.79
642, 22.48, 58.11, 2.71
662, 23.99, 62.22, 2.81
682, 25.60, 66.27, 3.00
702, 35.94, 77.33, 3.59
722, 32.13, 78.04, 3.32
742, 30.64, 80.60, 3.28
762, 33.49, 86.63, 3.38
782, 42.27, 96.89, 4.96
802, 41.99, 101.75, 4.79
822, 44.02, 108.46, 4.21
842, 43.27, 112.72, 4.20
862, 43.67, 116.20, 4.04
882, 48.56, 125.10, 4.44
2, 3.56, 7.73, 0.68
22, 1.73, 4.60, 0.49
42, 1.88, 4.96, 0.53
62, 2.06, 5.29, 0.57
82, 2.29, 5.82, 0.65
102, 2.47, 6.14, 0.70
122, 2.67, 6.60, 0.71
142, 3.02, 7.25, 0.83
162, 3.40, 8.08, 0.98
182, 3.53, 8.39, 0.96
202, 3.85, 9.04, 1.01
222, 4.30, 10.13, 1.08
242, 4.83, 11.78, 1.13
262, 5.24, 12.82, 1.16
282, 5.75, 14.07, 1.25
302, 6.17, 15.18, 1.27
322, 6.71, 16.43, 1.35
342, 7.34, 18.05, 1.41
362, 8.09, 19.90, 1.49
382, 8.62, 21.44, 1.50
402, 9.34, 23.28, 1.61
422, 10.10, 25.41, 1.69
442, 11.02, 27.83, 1.79
462, 11.92, 30.12, 1.84
482, 12.70, 31.83, 1.94
502, 13.76, 34.80, 2.00
522, 14.97, 38.04, 2.09
542, 15.84, 40.20, 2.20
562, 17.31, 44.33, 2.31
582, 18.57, 47.65, 2.42
602, 19.73, 50.58, 2.52
622, 21.09, 54.66, 2.60
642, 22.74, 57.91, 2.72
662, 23.94, 62.13, 2.81
682, 25.69, 67.05, 2.92
702, 27.15, 70.50, 3.08
722, 31.29, 75.03, 3.15
742, 34.72, 86.20, 3.69
762, 36.24, 89.56, 3.56
782, 35.49, 91.18, 3.55
802, 40.88, 102.43, 3.85
822, 38.98, 101.59, 3.93
842, 43.50, 111.42, 4.17
862, 45.17, 115.12, 4.03
882, 50.89, 127.80, 4.59
2, 6.38, 7.75, 0.73
22, 1.75, 4.71, 0.49
42, 1.86, 4.86, 0.51
62, 2.10, 5.37, 0.60
82, 2.29, 5.83, 0.65
102, 2.44, 5.98, 0.62
122, 2.78, 6.69, 0.76
142, 3.00, 7.12, 0.80
162, 3.29, 7.73, 0.91
182, 3.54, 8.32, 0.96
202, 3.90, 9.21, 1.00
222, 4.34, 10.21, 1.13
242, 4.80, 11.61, 1.12
262, 5.30, 12.99, 1.17
282, 5.69, 13.87, 1.23
302, 6.19, 15.09, 1.29
322, 6.69, 16.48, 1.33
342, 7.30, 18.01, 1.35
362, 7.99, 19.68, 1.53
382, 8.67, 21.69, 1.56
402, 9.28, 23.02, 1.64
422, 10.24, 25.79, 1.70
442, 11.11, 28.14, 1.76
462, 11.94, 30.27, 1.87
482, 12.68, 31.92, 1.94
502, 13.93, 35.30, 2.01
522, 14.87, 37.95, 2.09
542, 15.90, 40.42, 2.20
562, 17.16, 44.08, 2.26
582, 18.47, 47.15, 2.39
602, 19.83, 50.54, 2.48
622, 21.22, 54.87, 2.57
642, 22.49, 58.20, 2.70
662, 23.97, 62.39, 2.82
682, 25.72, 66.39, 2.99
702, 27.92, 70.74, 3.12
722, 29.98, 75.61, 3.17
742, 30.76, 80.11, 3.28
762, 32.90, 85.92, 3.42
782, 39.98, 97.84, 3.90
802, 39.48, 100.39, 3.85
822, 41.01, 105.04, 3.90
842, 43.22, 110.76, 4.03
862, 48.43, 122.12, 4.41
882, 48.66, 124.73, 4.34
2, 4.78, 7.66, 0.72
22, 1.78, 4.76, 0.51
42, 1.82, 4.79, 0.49
62, 2.12, 5.42, 0.60
82, 2.22, 5.63, 0.62
102, 2.43, 6.05, 0.68
122, 2.72, 6.76, 0.75
142, 2.94, 7.14, 0.80
162, 3.32, 7.91, 0.93
182, 3.58, 8.44, 0.98
202, 3.98, 9.08, 1.09
222, 4.35, 9.34, 1.37
242, 4.72, 11.33, 1.11
262, 5.29, 12.97, 1.17
282, 5.66, 13.71, 1.21
302, 6.19, 15.26, 1.29
322, 6.75, 16.43, 1.40
342, 7.34, 17.82, 1.48
362, 8.01, 19.76, 1.52
382, 8.78, 21.94, 1.57
402, 9.33, 23.37, 1.61
422, 10.22, 25.64, 1.69
442, 10.98, 27.80, 1.77
462, 11.90, 29.98, 1.89
482, 12.72, 32.01, 1.93
502, 13.88, 35.27, 2.02
522, 14.96, 38.14, 2.12
542, 15.90, 40.59, 2.19
562, 17.23, 44.22, 2.33
582, 18.37, 47.20, 2.39
602, 19.63, 50.39, 2.48
622, 21.02, 54.14, 2.64
642, 22.48, 58.19, 2.74
662, 24.40, 62.09, 2.98
682, 26.09, 66.78, 3.07
702, 28.16, 70.93, 3.03
722, 29.28, 75.24, 3.17
742, 30.68, 79.87, 3.23
762, 33.88, 86.33, 3.44
782, 49.66, 113.11, 5.23
802, 39.74, 99.62, 3.83
822, 39.40, 101.59, 3.74
842, 44.64, 113.67, 4.14
862, 46.55, 118.06, 4.73
882, 50.81, 129.42, 4.44
2, 3.27, 4.83, 0.52
22, 1.73, 4.60, 0.50
42, 1.89, 5.00, 0.51
62, 2.03, 5.24, 0.54
82, 2.23, 5.58, 0.59
102, 2.43, 6.03, 0.63
122, 2.69, 6.69, 0.72
142, 2.93, 7.09, 0.80
162, 3.34, 7.96, 0.93
182, 3.51, 8.29, 0.93
202, 3.89, 9.15, 1.00
222, 4.21, 9.95, 1.04
242, 4.75, 11.47, 1.09
262, 5.29, 12.91, 1.14
282, 5.74, 14.16, 1.21
302, 6.21, 15.18, 1.28
322, 6.66, 16.31, 1.33
342, 7.27, 17.88, 1.38
362, 8.06, 20.01, 1.48
382, 8.65, 21.70, 1.52
402, 9.26, 23.19, 1.58
422, 10.13, 25.54, 1.67
442, 11.06, 27.81, 1.80
462, 11.91, 29.99, 1.84
482, 12.64, 31.73, 1.90
502, 13.80, 34.99, 1.97
522, 14.78, 37.70, 2.07
542, 15.82, 40.28, 2.21
562, 17.27, 44.40, 2.26
582, 18.36, 47.07, 2.33
602, 19.64, 50.26, 2.45
622, 21.10, 54.41, 2.56
642, 22.41, 58.05, 2.60
662, 24.01, 62.36, 2.74
682, 25.63, 65.94, 2.88
702, 28.25, 71.60, 3.09
722, 29.88, 75.61, 3.11
742, 30.65, 79.98, 3.25
762, 36.58, 90.82, 3.98
782, 34.47, 90.65, 3.45
802, 39.51, 99.58, 3.85
822, 43.14, 106.84, 4.08
842, 44.72, 112.06, 4.09
862, 46.59, 117.17, 4.30
882, 50.89, 127.86, 4.55
2, 6.21, 10.67, 0.87
22, 1.78, 4.73, 0.52
42, 1.87, 4.93, 0.52
62, 2.04, 5.26, 0.55
82, 2.21, 5.61, 0.60
102, 2.38, 5.93, 0.63
122, 2.63, 6.47, 0.70
142, 2.94, 7.22, 0.77
162, 3.25, 7.67, 0.94
182, 3.56, 8.42, 0.98
202, 3.89, 9.16, 0.99
222, 4.24, 9.99, 1.06
242, 4.76, 11.43, 1.12
262, 5.31, 12.83, 1.18
282, 5.79, 14.13, 1.25
302, 6.25, 15.27, 1.30
322, 6.73, 16.40, 1.38
342, 7.38, 18.00, 1.47
362, 8.03, 19.91, 1.48
382, 8.68, 21.74, 1.53
402, 9.30, 23.39, 1.59
422, 10.20, 25.60, 1.70
442, 11.01, 27.77, 1.76
462, 11.88, 30.16, 1.86
482, 12.70, 31.89, 1.94
502, 13.76, 34.83, 2.00
522, 15.18, 38.36, 2.19
542, 15.84, 40.12, 2.19
562, 17.26, 44.04, 2.33
582, 18.43, 47.54, 2.41
602, 19.67, 50.59, 2.52
622, 21.13, 54.65, 2.60
642, 22.42, 57.96, 2.71
662, 23.95, 62.23, 2.81
682, 25.54, 66.42, 2.90
702, 27.15, 70.71, 2.99
722, 29.75, 75.49, 3.14
742, 31.18, 79.61, 3.34
762, 33.59, 86.29, 3.37
782, 34.87, 90.45, 3.51
802, 37.22, 96.88, 3.57
822, 40.09, 101.48, 3.79
842, 45.49, 113.80, 4.16
862, 46.98, 118.69, 4.33
882, 52.77, 130.96, 4.67
2, 5.59, 8.28, 0.75
22, 1.78, 4.70, 0.52
42, 1.82, 4.81, 0.50
62, 2.04, 5.20, 0.54
82, 2.33, 5.92, 0.66
102, 2.38, 5.95, 0.65
122, 2.64, 6.44, 0.71
142, 3.00, 7.41, 0.79
162, 3.28, 7.78, 0.91
182, 3.58, 8.49, 0.97
202, 3.87, 9.10, 0.99
222, 4.25, 10.06, 1.07
242, 4.83, 11.65, 1.12
262, 5.24, 12.74, 1.19
282, 5.87, 13.79, 1.34
302, 6.26, 15.06, 1.34
322, 6.67, 16.38, 1.35
342, 7.32, 17.99, 1.41
362, 7.95, 19.85, 1.45
382, 8.65, 21.54, 1.56
402, 9.26, 23.18, 1.62
422, 10.11, 25.43, 1.71
442, 11.08, 27.93, 1.78
462, 12.01, 30.35, 1.91
482, 12.63, 31.77, 1.95
502, 13.97, 35.57, 2.07
522, 14.94, 38.04, 2.12
542, 15.92, 40.43, 2.21
562, 17.14, 43.93, 2.26
582, 18.43, 47.31, 2.44
602, 19.65, 49.97, 2.61
622, 21.13, 54.53, 2.66
642, 24.03, 58.31, 2.75
662, 24.73, 62.62, 2.87
682, 25.64, 66.56, 2.93
702, 27.34, 70.96, 3.02
722, 29.01, 75.18, 3.12
742, 30.80, 80.08, 3.34
762, 46.53, 104.43, 4.88
782, 40.02, 96.84, 3.94
802, 44.92, 105.00, 4.59
822, 42.18, 96.98, 6.33
842, 50.04, 117.33, 4.83
862, 47.90, 121.11, 4.29
882, 48.41, 125.53, 4.30
2, 4.99, 7.32, 0.69
22, 1.76, 4.64, 0.52
42, 1.91, 4.90, 0.52
62, 2.03, 5.18, 0.56
82, 2.29, 5.69, 0.66
102, 2.67, 5.38, 1.04
122, 3.05, 5.87, 1.26
142, 3.04, 7.13, 0.86
162, 3.28, 7.76, 0.93
182, 3.77, 8.45, 1.00
202, 3.99, 9.26, 1.09
222, 4.58, 9.45, 1.44
242, 5.07, 11.56, 1.41
262, 5.52, 12.60, 1.50
282, 5.87, 13.44, 1.52
302, 6.38, 14.65, 1.61
322, 7.01, 15.84, 1.83
342, 7.24, 17.91, 1.34
362, 8.04, 19.96, 1.52
382, 8.61, 21.29, 1.55
402, 9.34, 23.41, 1.60
422, 10.02, 25.28, 1.66
442, 11.03, 27.81, 1.75
462, 11.82, 29.68, 1.83
482, 12.63, 31.84, 1.90
502, 13.84, 35.43, 1.99
522, 14.85, 37.84, 2.08
542, 15.89, 40.53, 2.20
562, 17.24, 43.94, 2.31
582, 18.27, 46.66, 2.41
602, 19.69, 50.32, 2.49
622, 23.21, 54.98, 2.64
642, 23.11, 58.64, 2.80
662, 27.44, 67.87, 3.16
682, 25.59, 66.39, 2.98
702, 29.52, 74.46, 3.27
722, 31.13, 79.22, 3.37
742, 32.58, 83.31, 3.51
762, 34.69, 89.23, 3.56
782, 34.85, 90.64, 3.62
802, 40.38, 99.77, 3.75
822, 38.76, 101.45, 3.74
842, 44.44, 114.69, 4.20
862, 47.86, 117.83, 4.38
882, 51.17, 127.58, 4.44
2, 1.64, 4.41, 0.47
22, 1.73, 4.66, 0.50
42, 1.96, 5.10, 0.55
62, 2.04, 5.28, 0.55
82, 2.22, 5.55, 0.59
102, 2.46, 5.97, 0.70
122, 2.69, 6.60, 0.73
142, 2.97, 7.31, 0.79
162, 3.28, 7.85, 0.92
182, 3.57, 8.44, 0.94
202, 3.97, 9.38, 1.01
222, 4.24, 10.00, 1.07
242, 4.78, 11.57, 1.11
262, 5.29, 12.94, 1.17
282, 5.77, 14.15, 1.24
302, 6.26, 15.49, 1.32
322, 6.75, 16.62, 1.36
342, 7.35, 18.08, 1.44
362, 8.09, 19.90, 1.50
382, 8.66, 21.73, 1.52
402, 9.31, 23.24, 1.58
422, 10.20, 25.44, 1.73
442, 11.24, 27.75, 1.81
462, 12.08, 30.08, 1.87
482, 12.82, 32.23, 2.00
502, 13.83, 35.06, 2.00
522, 14.95, 37.98, 2.14
542, 15.83, 40.27, 2.22
562, 17.27, 44.40, 2.29
582, 18.31, 46.79, 2.46
602, 19.71, 50.27, 2.50
622, 21.12, 54.64, 2.58
642, 23.12, 58.19, 2.71
662, 25.32, 62.17, 2.83
682, 25.90, 66.14, 2.94
702, 33.32, 76.71, 3.39
722, 31.57, 76.16, 3.25
742, 32.16, 81.32, 3.34
762, 36.79, 92.30, 3.74
782, 38.74, 94.50, 3.75
802, 42.65, 102.46, 4.01
822, 43.05, 105.22, 4.09
842, 44.50, 113.82, 4.14
862, 46.34, 115.77, 4.17
882, 48.93, 125.41, 4.51
2, 6.93, 10.54, 0.86
22, 1.81, 4.66, 0.52
42, 1.86, 4.83, 0.50
62, 2.05, 5.30, 0.56
82, 2.31, 5.86, 0.67
102, 2.42, 6.01, 0.63
122, 2.67, 6.62, 0.72
142, 2.98, 7.34, 0.78
162, 3.28, 7.79, 0.92
182, 3.57, 8.53, 0.96
202, 3.92, 9.20, 1.03
222, 4.18, 9.88, 1.03
242, 4.80, 11.64, 1.12
262, 5.26, 12.80, 1.13
282, 5.80, 14.29, 1.26
302, 6.16, 15.07, 1.25
322, 6.73, 16.27, 1.37
342, 7.27, 17.92, 1.42
362, 8.09, 19.96, 1.59
382, 8.64, 21.55, 1.53
402, 9.46, 23.56, 1.59
422, 10.14, 25.57, 1.66
442, 11.01, 27.86, 1.79
462, 11.91, 30.11, 1.84
482, 12.69, 31.90, 1.89
502, 13.93, 35.07, 2.04
522, 15.12, 37.84, 2.15
542, 16.00, 40.74, 2.23
562, 17.18, 43.97, 2.28
582, 18.38, 47.12, 2.41
602, 19.61, 50.19, 2.50
622, 23.17, 54.58, 2.61
642, 22.52, 57.91, 2.71
662, 26.45, 63.06, 2.86
682, 27.13, 66.43, 2.88
702, 31.18, 76.86, 3.54
722, 32.96, 79.38, 3.42
742, 37.11, 86.20, 3.70
762, 36.66, 89.81, 3.60
782, 39.34, 97.29, 3.87
802, 40.91, 100.88, 3.94
822, 45.13, 109.39, 4.30
842, 44.37, 112.12, 4.07
862, 48.81, 121.16, 4.79
882, 49.54, 126.40, 4.40
2, 7.90, 11.58, 0.93
22, 1.75, 4.71, 0.49
42, 1.86, 4.87, 0.50
62, 2.04, 5.25, 0.55
82, 2.23, 5.59, 0.62
102, 2.45, 6.19, 0.65
122, 2.65, 6.52, 0.70
142, 2.95, 7.25, 0.77
162, 3.24, 7.70, 0.90
182, 3.51, 8.23, 0.94
202, 3.88, 9.13, 0.96
222, 4.24, 10.02, 1.03
242, 4.75, 11.48, 1.11
262, 5.32, 13.05, 1.16
282, 5.72, 14.10, 1.18
302, 6.19, 15.11, 1.26
322, 6.70, 16.30, 1.35
342, 7.38, 18.19, 1.42
362, 7.84, 19.56, 1.40
382, 8.72, 21.49, 1.59
402, 9.24, 23.19, 1.57
422, 10.28, 25.91, 1.71
442, 11.06, 27.95, 1.71
462, 11.79, 29.72, 1.81
482, 12.58, 31.58, 1.88
502, 13.91, 35.34, 1.96
522, 14.82, 37.82, 2.09
542, 16.12, 40.13, 2.24
562, 17.29, 44.41, 2.28
582, 18.53, 47.46, 2.40
602, 19.68, 50.47, 2.46
622, 22.91, 54.38, 2.57
642, 22.75, 58.11, 2.72
662, 23.99, 62.14, 2.77
682, 25.75, 66.93, 2.87
702, 29.56, 70.69, 3.11
722, 36.79, 81.43, 3.50
742, 32.36, 80.01, 3.31
762, 34.91, 89.48, 3.58
782, 38.97, 96.83, 3.95
802, 39.58, 99.72, 3.81
822, 39.95, 101.71, 4.02
842, 46.76, 115.10, 4.21
862, 43.35, 115.01, 4.04
882, 48.11, 124.64, 4.26
2, 5.63, 7.83, 0.72
22, 1.79, 4.69, 0.53
42, 1.89, 4.89, 0.53
62, 2.10, 5.29, 0.58
82, 2.26, 5.62, 0.62
102, 2.48, 6.16, 0.72
122, 2.64, 6.48, 0.71
142, 2.91, 7.09, 0.78
162, 3.25, 7.73, 0.90
182, 3.59, 8.49, 0.97
202, 3.87, 9.05, 1.02
222, 4.22, 9.80, 1.07
242, 4.72, 11.35, 1.08
262, 5.29, 13.00, 1.17
282, 5.76, 14.00, 1.24
302, 6.22, 15.34, 1.29
322, 6.70, 16.47, 1.35
342, 7.30, 17.94, 1.41
362, 8.09, 20.06, 1.47
382, 8.72, 21.95, 1.55
402, 9.37, 23.42, 1.63
422, 10.10, 25.44, 1.68
442, 11.11, 28.06, 1.76
462, 11.82, 29.79, 1.81
482, 12.56, 31.57, 1.91
502, 13.96, 35.47, 2.01
522, 14.81, 37.68, 2.11
542, 15.96, 40.48, 2.20
562, 17.23, 44.02, 2.29
582, 18.91, 47.14, 2.43
602, 21.19, 50.27, 2.57
622, 21.57, 54.66, 2.67
642, 23.94, 58.02, 2.78
662, 28.25, 67.73, 3.16
682, 25.59, 66.23, 2.85
702, 30.17, 72.80, 3.17
722, 33.87, 80.54, 3.47
742, 32.57, 79.02, 3.64
762, 37.90, 91.82, 3.75
782, 37.55, 94.73, 3.77
802, 38.58, 99.75, 3.72
822, 43.12, 104.83, 4.10
842, 43.71, 113.33, 4.09
862, 45.35, 115.12, 4.02
882, 50.42, 127.72, 4.49
